t_vec = [0  1    10  11  11.5  12  12.5  13.5  22.5  23.5   24  24.5 25  26    35  36 36.5  37  37.5 38.5 47.5 48.5];
v =      [0  0.1  0.1  0    0    0    0     0.1  0.1    0     0    0   0  0.1   0.1  0   0    0    0   0.1  0.1    0];
w_v =    [0  0     0   0   pi/2  pi/2 0     0    0      0    pi/2 pi/2 0   0    0    0  pi/2 pi/2  0    0   0     0];