% tv_vec = [0  1    10  11  11.5 12  12.5   13   14   23    24  24.5  25 25.5 26  27    36  37 37.5 38  38.5  39   40   49   50];
% v =      [0  0.1  0.1  0   0    0    0    0    0.1  0.1   0   0     0    0   0  0.1   0.1  0  0   0     0    0   0.1  0.1   0];
% w_v =    [0  0     0   0   0  pi/2  pi/2  0    0    0     0   0    pi/2 pi/2 0   0    0    0  0   pi/2 pi/2  0    0   0     0];

tv_vec = [0  1    10  11 12 12.5  13  13.5 14.5 15.5  24.5  25.5 26.5  27  27.5 28 29 30    39  40 41 41.5  42  42.5 43.5 44.5 53.5 54.5];
v =      [0  0.1  0.1  0 00   0    0    0   00   0.1  0.1    0   00    0    0    0 00 0.1   0.1  0 00   0    0    0  00   0.1  0.1    0];
w_v =    [0  0     0   0 00  pi/2  pi/2 0   00   0    0      0   00   pi/2 pi/2  0 00  0    0    0 00  pi/2 pi/2  0  00    0   0     0];
